Raw Model Prediction Output
Shape: (101, 8)
Dtype: float32
Timestamp: 2025-08-21 19:15:44
==================================================

Row 0: 10.430998802185059 24.24797821044922 18.962379455566406 24.998573303222656 34.597755432128906 -30.51946258544922 -61.203369140625 -82.16776275634766 
Row 1: 141.45851135253906 24.558181762695312 549.6737670898438 150.16062927246094 6.123966217041016 177.4679718017578 16.392776489257812 25.87763786315918 
Row 2: 158.3534698486328 1.1192981004714966 802.6580810546875 239.7514190673828 -3.6387670040130615 -3.6937649250030518 -27.784664154052734 -13.93435287475586 
Row 3: 185.45680236816406 10.466675758361816 873.7853393554688 293.87054443359375 -13.35667610168457 7.4280781745910645 5.516650199890137 -3.362623453140259 
Row 4: 190.19818115234375 -9.07630443572998 896.9194946289062 262.5716857910156 -28.346891403198242 -44.94248962402344 -13.963947296142578 0.3880891501903534 
Row 5: 273.733642578125 9.090021133422852 1075.723388671875 487.1529541015625 1.1998165845870972 7.884608745574951 -11.080223083496094 -11.745269775390625 
Row 6: 393.2161865234375 -2.1449177265167236 1139.931396484375 420.61163330078125 -1.2457010746002197 -5.29541540145874 -9.173439979553223 21.773807525634766 
Row 7: 216.81724548339844 -16.76283836364746 1205.4161376953125 492.74609375 -39.38426971435547 -13.869154930114746 -8.936777114868164 -4.41472053527832 
Row 8: 287.3232727050781 -40.4138298034668 1072.5765380859375 519.578125 10.940108299255371 9.392807960510254 0.20328238606452942 -33.485145568847656 
Row 9: 230.316162109375 6.201944828033447 1108.7177734375 403.36273193359375 -1.2224863767623901 17.97834014892578 -4.15343713760376 3.392090082168579 
Row 10: 213.83067321777344 -20.802570343017578 1062.0665283203125 460.0672607421875 24.77606964111328 1.0815986394882202 4.554271697998047 -1.7813462018966675 
Row 11: 268.4408874511719 -14.235566139221191 1011.7716064453125 631.9436645507812 -19.12002182006836 32.14399337768555 -13.620981216430664 -13.738182067871094 
Row 12: 170.2796630859375 23.225990295410156 1178.290771484375 447.25469970703125 -30.486576080322266 22.22971534729004 1.9783371686935425 4.070278167724609 
Row 13: 244.7936553955078 -5.777280807495117 1153.668701171875 596.86181640625 -8.602930068969727 6.479961395263672 39.45799255371094 25.83777618408203 
Row 14: 217.34754943847656 17.322229385375977 983.9088134765625 613.3990478515625 -2.3345274925231934 5.034047603607178 8.486784934997559 -12.625484466552734 
Row 15: 282.2750549316406 -26.620033264160156 1074.1123046875 597.654052734375 -24.588375091552734 -19.89275550842285 25.64339256286621 14.357081413269043 
Row 16: 238.6394500732422 31.242280960083008 1019.824951171875 553.1473388671875 -14.908812522888184 -25.66757583618164 6.182267665863037 -7.613041400909424 
Row 17: 213.55746459960938 14.660476684570312 990.1734619140625 451.7737731933594 10.031071662902832 39.45784378051758 8.695216178894043 -16.382369995117188 
Row 18: 307.71624755859375 37.185516357421875 1092.2376708984375 546.5822143554688 -22.31191635131836 14.643401145935059 -28.395963668823242 21.22516632080078 
Row 19: 173.99696350097656 -7.322178840637207 793.1007690429688 644.8630981445312 37.29104995727539 27.89565086364746 44.958011627197266 25.670228958129883 
Row 20: 209.79629516601562 -3.615355968475342 1044.7252197265625 649.1714477539062 12.580743789672852 113.34339141845703 5.64183235168457 -5.382211685180664 
Row 21: 169.5558319091797 -16.73756980895996 1093.1339111328125 637.0243530273438 -39.168949127197266 -5.241855144500732 -4.431694030761719 18.890222549438477 
Row 22: 213.68710327148438 -14.215216636657715 891.7291870117188 497.64288330078125 5.192986011505127 -28.04380226135254 -11.30112361907959 24.47893524169922 
Row 23: 196.77365112304688 57.64668655395508 1079.8717041015625 604.5780639648438 7.843658447265625 -15.41252326965332 17.01636505126953 -13.435514450073242 
Row 24: 239.1985626220703 23.071983337402344 1046.0052490234375 647.7412109375 6.769020080566406 -4.180069923400879 -12.023908615112305 -9.601034164428711 
Row 25: 191.85997009277344 -2.7101778984069824 983.4134521484375 544.2156372070312 -7.50280237197876 -20.206878662109375 20.792177200317383 -12.43985652923584 
Row 26: 196.1381378173828 22.9456844329834 1064.3958740234375 510.5663146972656 16.477933883666992 -32.21413040161133 12.47398567199707 18.578126907348633 
Row 27: 173.79200744628906 -41.7353630065918 969.4177856445312 655.683349609375 -12.324788093566895 -28.295000076293945 10.5129976272583 0.8736401796340942 
Row 28: 182.3607940673828 -22.348188400268555 865.8743286132812 615.7510375976562 16.10780143737793 10.74329948425293 4.228964805603027 -21.986976623535156 
Row 29: 249.55950927734375 20.693037033081055 995.4410400390625 523.7998657226562 21.199735641479492 -20.203094482421875 -7.182895660400391 -3.2760026454925537 
Row 30: 205.70909118652344 12.53530502319336 877.10107421875 535.594970703125 -38.17525100708008 38.41033172607422 -2.793776273727417 -7.559412479400635 
Row 31: 217.1929473876953 6.732191562652588 814.3805541992188 607.4087524414062 -14.772303581237793 11.686516761779785 -6.706024169921875 25.59741973876953 
Row 32: 247.58335876464844 4.413745403289795 957.8616333007812 505.7063903808594 4.35856819152832 -29.956937789916992 -15.692981719970703 -1.243179202079773 
Row 33: 195.979736328125 27.873516082763672 949.2466430664062 536.7422485351562 20.28598403930664 -11.553202629089355 -6.354091167449951 -10.010382652282715 
Row 34: 275.8932800292969 -6.821728706359863 921.698974609375 448.81414794921875 6.930042743682861 -27.178071975708008 -5.29280948638916 -27.127744674682617 
Row 35: 267.4507751464844 -16.404632568359375 1042.64013671875 474.723876953125 -27.27324104309082 28.4137020111084 22.971834182739258 -38.146705627441406 
Row 36: 225.77073669433594 5.411806583404541 850.8487548828125 443.9198303222656 10.157968521118164 -8.406591415405273 -30.05326271057129 -19.000469207763672 
Row 37: 277.96099853515625 4.907297134399414 871.9140014648438 582.8462524414062 6.456707000732422 38.634647369384766 -17.178342819213867 30.071331024169922 
Row 38: 269.8488464355469 15.891899108886719 936.25341796875 645.5628051757812 13.470974922180176 3.916002035140991 13.84847640991211 -6.833050727844238 
Row 39: 261.043212890625 33.870750427246094 871.1591186523438 427.1558837890625 -10.181506156921387 -39.75447463989258 0.4437083601951599 22.422706604003906 
Row 40: 315.1231689453125 -48.000701904296875 786.0576782226562 521.8414306640625 33.51675033569336 43.17247772216797 8.74936294555664 -7.787858486175537 
Row 41: 373.94476318359375 0.4927688241004944 635.2794799804688 598.9653930664062 2.7019996643066406 4.234701156616211 -3.9191739559173584 -48.55192184448242 
Row 42: 244.81126403808594 59.164466857910156 674.3668212890625 586.915771484375 -48.03315734863281 -4.715153217315674 -7.799386978149414 -12.832534790039062 
Row 43: 253.38262939453125 -36.32011032104492 787.5948486328125 577.7249755859375 66.62161254882812 4.4571213722229 -21.134584426879883 -9.64231014251709 
Row 44: 307.7601623535156 -25.38589859008789 651.3711547851562 439.5006408691406 2.18550181388855 2.9982919692993164 -0.4711492657661438 73.7371597290039 
Row 45: 268.9869384765625 30.319684982299805 700.9219360351562 589.4457397460938 -20.273860931396484 -39.638790130615234 5.5219645500183105 23.50943374633789 
Row 46: 243.25730895996094 -4.487579345703125 723.4906005859375 435.2757568359375 37.45067596435547 4.704077243804932 -3.2857439517974854 17.067333221435547 
Row 47: 238.2506866455078 17.0401554107666 714.845703125 618.4430541992188 -10.316875457763672 99.5613021850586 -29.579029083251953 13.297159194946289 
Row 48: 298.3857727050781 22.445032119750977 730.0418701171875 638.6716918945312 19.979385375976562 -45.78510665893555 -22.812068939208984 23.544374465942383 
Row 49: 365.0425720214844 -19.30667495727539 695.48291015625 510.22161865234375 -12.088318824768066 31.637107849121094 25.732036590576172 1.7159148454666138 
Row 50: 292.53277587890625 6.5201334953308105 914.8533935546875 516.0684204101562 1.7517180442810059 -26.999967575073242 22.55402946472168 -53.82925796508789 
Row 51: 328.8479919433594 -28.98165512084961 413.36114501953125 389.2223205566406 25.52086639404297 11.361616134643555 -21.610654830932617 -58.970943450927734 
Row 52: 451.5975036621094 3.927279472351074 372.32666015625 394.8069152832031 -4.636571884155273 -30.68184471130371 50.79433059692383 -28.801593780517578 
Row 53: 295.7405090332031 0.3588947355747223 312.7462463378906 83.8934326171875 -71.78978729248047 -5.043779373168945 -3.8356142044067383 23.02869987487793 
Row 54: 247.9407196044922 -16.551916122436523 235.5883331298828 264.4787292480469 -41.42936325073242 16.36487579345703 12.351293563842773 -41.85124969482422 
Row 55: 158.7704620361328 46.04607391357422 573.87890625 398.56903076171875 51.525611877441406 67.4682846069336 74.2383804321289 6.498113632202148 
Row 56: -19.5212459564209 -50.077728271484375 -42.618446350097656 29.514434814453125 65.49724578857422 29.652408599853516 -51.419105529785156 -46.97735595703125 
Row 57: -111.79795837402344 11.027853965759277 -58.85785675048828 -54.202205657958984 -128.01437377929688 -84.5019760131836 5.311509132385254 -7.09446907043457 
Row 58: 73.93170166015625 4.7704362869262695 50.38498306274414 36.76519775390625 32.71472930908203 -61.93206024169922 98.62948608398438 -29.864917755126953 
Row 59: 146.82261657714844 11.935726165771484 23.27482795715332 34.478546142578125 -39.33654022216797 -10.723941802978516 -18.07654571533203 -31.256549835205078 
Row 60: 58.717674255371094 79.79259490966797 21.92812728881836 111.67314910888672 -129.56930541992188 31.102752685546875 17.765270233154297 85.74725341796875 
Row 61: 5.42926549911499 59.79623794555664 -15.292829513549805 -22.351238250732422 -31.135860443115234 170.6698760986328 106.84015655517578 12.23470687866211 
Row 62: -37.85121536254883 -27.050491333007812 43.35211944580078 54.74501037597656 19.3636474609375 108.77813720703125 158.23971557617188 -31.54296112060547 
Row 63: 63.146976470947266 -56.324562072753906 -105.15084075927734 12.469409942626953 -137.86761474609375 20.22623062133789 34.04468536376953 -16.112173080444336 
Row 64: -70.47081756591797 52.284915924072266 80.86846160888672 -82.95459747314453 104.09133911132812 -106.50808715820312 -156.83740234375 10.391889572143555 
Row 65: -11.174468994140625 44.90172576904297 21.949508666992188 138.97671508789062 -16.162616729736328 42.73148727416992 -125.05217742919922 -79.09756469726562 
Row 66: 1.6301441192626953 -45.468936920166016 13.798307418823242 -38.10734558105469 34.37127685546875 17.483253479003906 -43.4744873046875 40.733673095703125 
Row 67: -9.660385131835938 41.12853240966797 -18.643291473388672 -108.42300415039062 56.97822570800781 1.6959667205810547 -6.420127868652344 71.23938751220703 
Row 68: -99.58184814453125 50.37604904174805 121.43315887451172 -21.453975677490234 154.3794708251953 46.6495361328125 77.24987030029297 -31.251850128173828 
Row 69: -22.868709564208984 7.970400810241699 125.2959213256836 -34.543060302734375 -101.07482147216797 13.173704147338867 66.90609741210938 -24.270442962646484 
Row 70: 7.3574371337890625 81.20765686035156 -53.32670593261719 49.23746871948242 -22.195228576660156 -46.57807540893555 3.039346694946289 43.274803161621094 
Row 71: 86.23716735839844 -142.84149169921875 51.71218490600586 -22.905166625976562 -40.69060516357422 64.0584716796875 112.20552062988281 77.39161682128906 
Row 72: 43.256004333496094 -71.54944610595703 182.35171508789062 137.49501037597656 20.657800674438477 -9.676215171813965 0.4131622314453125 78.96483612060547 
Row 73: 75.29513549804688 -27.164352416992188 -41.734832763671875 -21.18326187133789 42.94459533691406 71.8361587524414 89.19523620605469 60.029266357421875 
Row 74: 46.37976837158203 156.6695556640625 -54.442657470703125 -6.418701171875 20.52861213684082 -28.73064422607422 73.93951416015625 -14.079917907714844 
Row 75: -12.21772575378418 -21.132144927978516 10.218957901000977 -83.59048461914062 36.596771240234375 78.90939331054688 -0.4951438903808594 34.20130920410156 
Row 76: -28.344411849975586 54.96135330200195 -103.33155822753906 60.19371032714844 -13.7100830078125 -19.47612953186035 45.32976150512695 -22.000267028808594 
Row 77: 38.7469482421875 -50.22378921508789 -106.93224334716797 -33.44944763183594 -1.0679740905761719 66.24424743652344 -4.491142272949219 -80.28054809570312 
Row 78: -28.106212615966797 54.57178497314453 -20.655946731567383 62.49192810058594 -24.582853317260742 -79.88311767578125 -67.93143463134766 19.519561767578125 
Row 79: -34.80158233642578 -58.33172607421875 -5.866273880004883 -6.856914520263672 -28.405611038208008 -11.362712860107422 -36.644203186035156 -39.346073150634766 
Row 80: -40.561546325683594 51.638248443603516 44.737552642822266 17.79586410522461 23.760154724121094 -46.510040283203125 -23.210514068603516 87.2388687133789 
Row 81: -75.79265594482422 29.134998321533203 29.969152450561523 21.280580520629883 -39.82428741455078 -118.68145751953125 -25.36513900756836 43.18930435180664 
Row 82: -7.4332122802734375 -14.074312210083008 55.24819564819336 -91.25382232666016 -87.58585357666016 -47.669273376464844 -54.068199157714844 29.72723960876465 
Row 83: 60.260013580322266 -140.20069885253906 -34.72932815551758 32.34512710571289 87.32345581054688 64.58092498779297 -133.18756103515625 87.32870483398438 
Row 84: 45.09151840209961 18.89582061767578 -5.894475936889648 -29.047542572021484 -101.54710388183594 49.65977478027344 53.3830680847168 -69.04563903808594 
Row 85: 69.87461853027344 10.118701934814453 34.74470520019531 92.26541137695312 92.24168395996094 -16.206695556640625 12.833866119384766 -5.056619644165039 
Row 86: 74.17926025390625 -9.526389122009277 53.62828826904297 71.91970825195312 101.91937255859375 46.33631896972656 -28.493175506591797 5.648895263671875 
Row 87: -50.84233856201172 5.343482971191406 86.97382354736328 -4.986467361450195 -16.576942443847656 -1.260866641998291 -62.94306945800781 29.7666015625 
Row 88: -37.55286407470703 -50.42635726928711 -57.402618408203125 -12.2281494140625 6.1494245529174805 20.494211196899414 -11.508010864257812 -62.134342193603516 
Row 89: -16.733829498291016 -15.815422058105469 -84.91820526123047 -64.04324340820312 -54.65715789794922 -33.575828552246094 -67.6085205078125 25.499521255493164 
Row 90: 75.72805786132812 0.9200363159179688 -0.8003292083740234 25.643478393554688 81.29289245605469 -33.792991638183594 -40.347652435302734 52.712825775146484 
Row 91: 17.26052474975586 118.19802856445312 -71.33439636230469 -106.10388946533203 -153.8801727294922 81.13125610351562 -11.165504455566406 -45.62115478515625 
Row 92: 65.80274963378906 -88.04530334472656 -44.91444778442383 24.20206069946289 42.06645202636719 94.31283569335938 -56.74695587158203 43.730804443359375 
Row 93: -106.02823638916016 -49.282161712646484 -98.99933624267578 -2.0298614501953125 5.595037460327148 51.97605895996094 -39.83446502685547 115.19796752929688 
Row 94: 99.02980041503906 -34.1624755859375 146.95863342285156 -45.074745178222656 -46.82841873168945 -7.474301338195801 69.05165100097656 24.442626953125 
Row 95: 78.31143951416016 37.03901290893555 -86.40322875976562 -13.171709060668945 42.45943069458008 -1.608154296875 -51.08304214477539 45.497802734375 
Row 96: -14.167594909667969 -58.90800476074219 -49.22217559814453 44.01123809814453 -68.547607421875 -13.023431777954102 140.99411010742188 4.887371063232422 
Row 97: 64.3516845703125 -114.02892303466797 28.016559600830078 38.86289596557617 3.289796829223633 26.11497688293457 -0.3477802276611328 102.802978515625 
Row 98: 18.786487579345703 37.31600570678711 -23.628467559814453 -19.19870948791504 115.23521423339844 18.465293884277344 -128.912353515625 35.42280578613281 
Row 99: -4.8819732666015625 8.719024658203125 -55.48446273803711 53.65269470214844 73.25321960449219 11.656135559082031 -12.643241882324219 115.37674713134766 
Row 100: -44.16441345214844 9.798027038574219 73.57316589355469 122.49851989746094 105.11885070800781 68.45423889160156 75.82227325439453 -113.28221130371094 
